Subject	ChooseA_ACC	ChooseB_ACC	NumTrainingTrials	Pre_Incongruent_SimonRT	Pre_Congruent_SimonRT	Pre_CongruencyEffect_SimonRT	Pre_Incongruent_SimonACC	Pre_Congruent_SimonACC	Pre_CongruencyEffect_SimonACC	Pre_OPScore	Pre_RSScore	Pre_RavensScore	Pre_NDCompScore	ND_Percentile	Pre_Switch_RT	Pre_Repeat_RT	Pre_SwitchEffect_RT	Pre_Switch_ACC	Pre_Repeat_ACC	Pre_SwitchEffect_ACC	Pre_Lag2_T2T1	Pre_Lag3_T2T1	Pre_ABEffect1823_T2T1	Pre_Total_3BackACC	Pre_Distractor_3BackACC	Pre_Total_3BackRT	Pre_Distractor_3BackRT	Simon_ACC
28020	0.7500	0.8750	180	580.2857	484.8140	95.4718	.9333	.9556	.0222	25	28	6	35	90.00	1626.4167	979.3556	647.0611	1.0000	.8000	.2000	.8421	.9474	.0844	.5875	.7000	1137.0851	1148.4286	.96
28021	0.5000	1.0000	360	454.5833	392.1111	62.4722	.8000	1.0000	.2000	55	51	13	33	80.00	1229.4000	891.4545	337.9455	.9778	1.0000	-.0222	.7143	.9130	.1613	.9000	.7500	758.8472	989.5333	1.00
28022	0.5625	0.7500	120	429.7692	408.3182	21.4510	.8667	.9778	.1111	48	50	12	34	83.00	1048.0714	766.7045	281.3669	.9778	.9333	.0444	.7500	.8182	.1028	.8250	.7500	1244.1500	1278.0667	.98
28023	0.0000	1.0000	60	486.2143	475.8864	10.3279	.9333	.9778	.0444	46	3	12	35	90.00	1147.9333	723.7692	424.1641	.8667	1.0000	-.1333	.7727	.7826	.1390	.7500	.7000	840.5500	1024.6429	.98
28024	0.5000	0.4375	360	667.7857	484.5455	183.2403	.9333	.9778	.0444	50	10	9	30	62.00	1258.9333	804.4651	454.4682	.9556	1.0000	-.0444	.8095	.6957	.1822	.7750	.8000	1072.2419	1235.6250	.98
28025	0.9375	0.6250	60	460.7000	358.5682	102.1318	.6667	.9778	.3111	4	45	11	33	80.00	940.8462	578.7250	362.1212	.8889	.8667	.0222	.9167	.7222	.1542	.7250	.5500	1151.3448	1025.3636	.98
28026	0.8750	0.6875	60	453.2667	404.7209	48.5457	1.0000	.9556	-.0444	36	35	15	37	99.00	1137.9231	741.4048	396.5183	.9333	.8667	.0667	1.0000	.9583	-.0246	.9000	.9500	666.3194	817.0526	.96
28028	0.4375	0.8125	120	486.0769	420.0698	66.0072	.8667	.9556	.0889	41	31	17	38	99.00	1213.3636	854.1905	359.1732	.9333	.7333	.2000	.7500	.8696	.1431	.8375	.8500	1126.0448	1121.7647	.96
28029	0.6875	0.7500	360	486.9286	428.9091	58.0195	.9333	.9778	.0444	8	0	13	30	62.00	1487.8667	1196.9556	290.9111	1.0000	1.0000	.0000	.0000	.1500	.4739	.8625	.7000	704.2464	889.0714	.98
28030	0.2500	0.8750	60	508.5000	422.4667	86.0333	.9333	1.0000	.0667	57	40	9	34	83.00	1293.7333	890.9302	402.8031	.9556	1.0000	-.0444	.6190	.5000	.3405	.9500	1.0000	1021.6447	1269.9500	1.00
28031	0.8750	0.9375	240	490.5714	476.9333	13.6381	.9333	1.0000	.0667	43	44	12	38	99.00	1415.0769	800.1364	614.9406	.9778	.8667	.1111	.0588	.1818	.6178	.9125	.9000	812.8493	879.3889	1.00
28032	0.6875	0.6875	240	591.8571	483.2667	108.5905	.9333	1.0000	.0667	65	34	9	30	62.00	1418.8571	812.2558	606.6013	.9556	.9333	.0222	1.0000	1.0000	-.0526	.9375	1.0000	1100.0000	980.1500	1.00
28033	0.6875	0.6250	180	426.8182	363.0227	63.7955	.7333	.9778	.2444	62	20	11	38	99.00	1039.2857	610.3095	428.9762	.9333	.9333	.0000	.7368	.6667	.2330	.8750	.7500	1198.6000	1447.8667	.98
28034	-0.3750	0.0000	320	534.4667	506.6977	27.7690	1.0000	.9556	-.0444	50	42	11	37	99.00	1234.9091	626.9091	608.0000	.9778	.7333	.2444	.4211	.5238	.2776	.9125	.9000	1447.9041	1825.6111	.96
28035	1.0000	0.6875	120	473.4667	425.7727	47.6939	1.0000	.9778	-.0222	61	30	13	38	99.00	881.9333	660.1591	221.7742	.9778	1.0000	-.0222	.5000	.5000	.4217	.8625	.8000	644.1594	881.5000	.98
28036	0.4375	0.5625	300	530.2308	435.7556	94.4752	.8667	1.0000	.1333	27	32	9	34	83.00	1064.9231	653.3636	411.5594	.9778	.8667	.1111	.8000	.9524	.1238	.7250	.6000	930.6552	987.9167	1.00
28037	0.5000	0.5625	120	492.5333	437.2273	55.3061	1.0000	.9778	-.0222	6	7	8	28	51.00	1106.9231	779.0889	327.8342	1.0000	.8667	.1333	.1765	.4000	.4504	.7750	.6000	1116.4516	1271.0000	.98
28038	0.5000	0.8750	60	531.2667	487.8222	43.4444	1.0000	1.0000	.0000	50	55	15	35	90.00	936.8462	643.5111	293.3350	1.0000	.8667	.1333	.3077	.4444	.3523	.9375	.9000	1840.2267	2048.1111	1.00
28039	0.8750	0.4375	60	470.3571	401.7556	68.6016	.9333	1.0000	.0667	43	39	14	34	83.00	1092.1333	694.9773	397.1561	.9778	1.0000	-.0222	.6842	.6818	.2170	.8000	.6000	1199.6875	1530.5833	1.00
28040	-0.3750	0.0000	254	756.5385	608.1333	148.4051	.8667	1.0000	.1333	42	12	16	25	39.00	1153.4167	584.0233	569.3934	.9556	.8000	.1556	.4545	.5652	.4219	.9250	.8500	1097.7703	1157.4706	1.00
28041	0.7500	1.0000	120	451.4286	433.5333	17.8952	.9333	1.0000	.0667	56	39	17	34	83.00	1231.1429	927.7556	303.3873	1.0000	.9333	.0667	.8261	.9091	.1324	.8875	.9000	1549.3803	1721.8889	1.00
28042	0.4375	0.5625	60	449.9286	388.8182	61.1104	.9333	.9778	.0444	68	18	8	34	83.00	1163.5000	662.2143	501.2857	.9333	.8000	.1333	.9565	.9048	.0194	.7500	.4500	1134.7833	1440.4444	.98
28043	-0.3750	0.0000	332	459.5385	380.1860	79.3524	.8667	.9556	.0889	14	28	13	30	62.00	999.5333	703.0667	296.4667	1.0000	1.0000	.0000	.8333	.8696	.0317	.9875	1.0000	716.0253	789.1000	.96
28044	0.7500	0.8125	180	379.4000	292.3409	87.0591	.6667	.9778	.3111	23	35	11	29	57.00	1011.0714	497.1364	513.9351	.9778	.9333	.0444	.5294	.4737	.3761	.8875	.8000	647.6620	828.4375	.98
28045	0.5625	0.5625	120	501.6923	371.3864	130.3059	.8667	.9778	.1111	39	32	10	34	83.00	938.4615	598.5000	339.9615	.9778	.8667	.1111	.8571	1.0000	.0420	.5625	.6000	903.9556	1031.5000	.98
28047	-0.3750	0.0000	205	524.1429	457.4545	66.6883	.9333	.9778	.0444	15	14	8	21	25.00	1770.4167	886.3095	884.1071	.9333	.8000	.1333	.6471	.4737	.2578	.6625	.1000	763.0377	877.0000	.98
28048	1.0000	1.0000	60	407.1429	351.2222	55.9206	.9333	1.0000	.0667	75	41	11	38	99.00	851.5714	536.3556	315.2159	1.0000	.9333	.0667	.8500	.9167	.0889	.9500	1.0000	1312.8947	1666.4000	1.00
28049	0.8125	0.9375	60	492.9286	426.9767	65.9518	.9333	.9556	.0222	46	47	8	30	62.00	1046.4667	801.4048	245.0619	.9333	1.0000	-.0667	.6000	.7500	.1462	.6250	.4500	1118.0800	1127.3333	.96
28050	-0.3750	0.0000	196	773.0000	654.7727	118.2273	.9333	.9778	.0444	20	15	12	18	16.00	1405.0769	1112.6098	292.4672	.9111	.8667	.0444	.5714	.5217	.3525	.6625	.4500	1642.8679	1916.8889	.98
28051	1.0000	1.0000	180	361.0833	326.4773	34.6061	.8000	.9778	.1778	55	38	13	32	75.00	894.8333	483.7556	411.0778	1.0000	.8000	.2000	.5500	.5789	.3781	.9750	.9000	540.6026	582.9444	.98
28052	0.6250	0.5625	60	338.8750	283.7955	55.0795	.5333	.9778	.4444	43	47	14	34	83.00	1030.6923	536.2791	494.4132	.9556	.8667	.0889	.6364	.7826	.1405	.9375	.9500	928.5200	1198.1053	.98
28053	0.7500	0.9375	120	501.7857	463.7955	37.9903	.9333	.9778	.0444	35	4	14	28	51.00	1506.6923	882.3182	624.3741	.9778	.8667	.1111	.2353	.5263	.3085	.8125	.8000	1398.4769	1621.5625	.98
28054	0.8125	0.8750	240	479.2667	441.5227	37.7439	1.0000	.9778	-.0222	49	55	12	37	99.00	1258.9333	804.4651	454.4682	.9556	1.0000	-.0444	.7368	.5714	.2908	.8000	.5500	767.5313	953.8182	.98
28055	0.8125	0.7500	60	523.3846	400.9302	122.4544	.8667	.9556	.0889	43	30	7	28	51.00	1773.5000	1233.9000	539.6000	.6667	.6667	.0000	.7083	.7143	.2452	.8750	.8500	815.2857	938.5294	.96
28056	0.3125	0.7500	60	446.1818	386.3556	59.8263	.7333	1.0000	.2667	50	33	12	34	83.00							.9444	.9130	-.0157	.8125	.7000	914.0462	1082.0000	1.00
28057	0.6875	0.7500	120	447.5000	390.5556	56.9444	.8000	1.0000	.2000	6	24	13	35	90.00	998.7333	571.8333	426.9000	.9333	1.0000	-.0667	.6842	.5652	.2771	.8500	.7500	1316.7500	1329.4000	1.00
28058	0.8750	0.6250	240	808.3333	566.6410	241.6923	.8000	.8667	.0667	30	16	14	36	96.00	1005.4286	847.0714	158.3571	.9333	.9333	.0000	.6842	.5556	.0556	.7250	.7000	854.1724	1045.7143	.87
28059	-0.3750	0.0000	247	531.2000	472.7778	58.4222	1.0000	1.0000	.0000	62	43	12	24	35.00	1082.5714	775.4651	307.1063	.9556	.9333	.0222	.1765	.0667	.6209	.7875	.6500	705.7460	743.7692	1.00
28060	0.8125	1.0000	120	466.0769	424.0667	42.0103	.8667	1.0000	.1333	64	70	16	36	96.00	1138.2857	752.0889	386.1968	1.0000	.9333	.0667	.7391	.5652	.0895	.7625	.8000	864.5082	854.5625	1.00
28061	0.6875	0.7500	360	487.2143	421.5556	65.6587	.9333	1.0000	.0667	29	23	10	29	57.00	882.7857	650.2381	232.5476	.9333	.9333	.0000	.3333	.1429	.6286	.8375	.9000	969.3582	1035.0000	1.00
28062	0.3750	0.3125	120	475.0714	372.8864	102.1851	.9333	.9778	.0444	63	57	9	30	62.00	942.0667	742.9773	199.0894	.9778	1.0000	-.0222	.9333	.7778	.1111	.6250	.4000	764.9200	1158.1250	.98
28063	1.0000	0.9375	60	413.0833	367.9767	45.1066	.8000	.9556	.1556	68	39	15	28	51.00	839.4667	630.1136	209.3530	.9778	1.0000	-.0222	.9524	.5789	.1927	.8625	.6500	710.4493	843.7692	.96
28064	-0.3750	0.0000	292	574.8667	726.4146	-151.5480	1.0000	.9111	-.0889	19	14	12	37	99.00	1277.6154	759.0930	518.5224	.9556	.8667	.0889	.3125	.2222	.4011	.7250	.7500	1022.1379	979.6667	.91
28065	0.6250	0.8750	60	374.8571	337.8537	37.0035	.9333	.9111	-.0222	46	61	11	29	57.00	962.0000	640.7955	321.2045	.9778	.9333	.0444	1.0000	1.0000	.0000	.7875	.5500	989.5079	1151.5455	.91
28066	-0.3750	0.0000	296	402.4545	351.9773	50.4773	.7333	.9778	.2444	47	55	10	30	62.00	1199.6923	737.6667	462.0256	.9333	.8667	.0667	.5238	.5000	.3229	.8250	.7000	1061.8030	1284.0714	.98
28067	0.3750	0.0000	120	504.7857	401.2222	103.5635	.9333	1.0000	.0667	39	37	12	38	99.00	950.6667	718.9524	231.7143	.9333	1.0000	-.0667	.7143	.8182	.1921	.8000	.7000	1340.7188	1635.7857	1.00
28068	1.0000	0.0625	120	781.0667	665.3571	115.7095	1.0000	.9333	-.0667	62	46	13	35	90.00	1214.9231	859.2222	355.7009	1.0000	.8667	.1333	.4500	.5263	.2401	.9125	.8000	804.5753	985.8750	.93
28069	0.8750	0.8750	60	503.4286	420.4091	83.0195	.9333	.9778	.0444	32	26	17	36	96.00	995.6154	658.6889	336.9265	1.0000	.8667	.1333	.5238	.8571	.2574	.2000	.1500	991.4375	1168.0000	.98
28070	1.0000	0.7500	360	489.3571	523.2326	-33.8754	.9333	.9556	.0222	69	75	14	36	96.00	1192.8333	889.8333	303.0000	.9333	.8000	.1333	.7647	.7000	.0023	.8875	.8000	743.7606	766.0625	.96
28071	0.1875	1.0000	60	488.3077	402.0455	86.2622	.8667	.9778	.1111	60	31	16	35	90.00	908.0769	482.0909	425.9860	.9778	.8667	.1111	.6667	.5714	.2869	.8875	.7500	807.5634	945.3333	.98
28072	0.5625	0.9375	60	494.9333	476.4773	18.4561	1.0000	.9778	-.0222	42	51	12	38	99.00	1493.0000	907.4524	585.5476	.9333	.9333	.0000	.8571	.7083	.1163	.9500	.9500	859.5658	932.6842	.98
28073	0.9375	0.5625	120	664.5000	642.2000	22.3000	.9333	1.0000	.0667	48	30	12	35	90.00	1296.0000	997.9773	298.0227	.9778	.9333	.0444	.9130	.8261	.0858	.8250	.6500	1140.0758	1526.6923	1.00
28074	0.8750	0.7500	180	394.3000	308.7955	85.5045	.6667	.9778	.3111	42	32	10	38	99.00	1037.0000	554.5238	482.4762	.9333	.9333	.0000	.9000	.8500	.0170	.7875	.6500	592.8254	698.5385	.98
28075	0.3125	0.9375	120	454.5833	392.1111	62.4722	.8000	1.0000	.2000	55	46	7	33	80.00	1191.8000	725.1905	466.6095	.9333	1.0000	-.0667	.9444	.9474	-.0917	.8125	.8500	1010.3538	1100.2353	1.00
28076	1.0000	0.7500	60	476.2308	405.9762	70.2546	.8667	.9333	.0667	23	50	7	33	80.00	940.1667	804.4286	135.7381	.9333	.8000	.1333	.8947	.7727	.0445	.6875	.2000	1025.0364	1437.0000	.93
28077	0.7500	0.6875	360	499.9231	397.3556	102.5675	.8667	1.0000	.1333	24	3	7	30	62.00	1163.2000	899.7500	263.4500	.9778	.6667	.3111	.6875	.5500	.2979	.6625	.4000	842.3962	864.2500	1.00
28078	0.8750	0.7500	180	427.0769	375.5909	51.4860	.8667	.9778	.1111	27	26	12	29	57.00	1070.6923	580.8293	489.8630	.9111	.8667	.0444	.9565	.7500	.0717	.8750	.9500	660.9571	832.0000	.98
28079	0.9375	0.8750	60	476.8000	420.1860	56.6140	1.0000	.9556	-.0444	37	45	15	38	99.00	1001.5455	649.1333	352.4121	1.0000	.7333	.2667	.7727	.7727	.0466	.8875	.8000	621.4225	709.8125	.96
